"99999999999999999                                66                                99999999999999999\n"+
"999999999999999                             757757757757                             999999999999999\n"+
"99    77777               5            7577566666666666657757                            77777    99\n"+
"99                                 775766666444444444444666667577                                 99\n"+
"99                   5          7756666444445 55 55 55 5444446666577          6                   99\n"+
"99                            7566644445 5 5            5 5 5444466657                            99\n"+
"997                         756644455 5                      5 554446657             6           799\n"+
"997                        766445 5                              5 544667                        799\n"+
"997                      756445                                      544657                      799\n"+
"997                     5664 5                                        5 4665                     799\n"+
"997                   776445          9     4     6                     544677                   799\n"+
"99                   56645                             9                  54665             9     99\n"+
"99                  76445                                         4        54467     5            99\n"+
"99          6      5645                                                      5465                 99\n"+
"99                 645                                                        546                 99\n"+
"9                                  9                                                               9\n"+
"9                                                                                                  9\n"+
"                                                                     7                              \n"+
"                                                        9                                 4         \n"+
"             56                                    7                                 65             \n"+
"    6       764                            7                                         467            \n"+
"           5645                                                             9        5465           \n"+
"          7645                                                                        5467          \n"+
"          764                                      9                                   467      7   \n"+
"         5645                                               4      8                   5465         \n"+
"        7645      8              6                                                      5467        \n"+
"        564                 6           9                               4                465        \n"+
"       7645           4                                                                  5467       \n"+
" 9    764                                                                     8            467      \n"+
"      5645                                     577775                                     5465      \n"+
"     7645   5                               579999999975                                   5467     \n"+
"     564                                  79998 8  8 89997        6                         465     \n"+
"    7645                      4         799  8 8 88 8 8  997                       8        5467 4  \n"+
"    764                                99 8 8 8 8  8 8 8 8 99                                467    \n"+
"    5645             9                97 8 8 777 77 777 8 8 79                              5465    \n"+
"   7645      9                       97 7 877  766667  778 7 79       6                      5467   \n"+
"   7645                             5 97 77 766      667 77 79 5                             5467   \n"+
"   564                             9   97 76            67 79   9                             465   \n"+
"   7645 4                         979   97      4664      79   979             6    4        5467   \n"+
"  7645                           97 79   5   4666886664   5   97 79                           5467  \n"+
"  564           4        8      79 7 79   5 667788887766 5   97 7 97                      7    465  \n"+
"  7645                          9 8 7 75   97788999988779   57 7 8 9       7                  5467  \n"+
"  764                          798 877  5   98788  88789   5  778 897                          467  \n"+
"  5645                         9  87 6   9   97      79   9   6 78  9                         5465  \n"+
" 7645    9                    59 8 77   679 5          5 976   77 8 95                         5467 \n"+
" 564                          798 7 6  46789            98764  6 7 897            4             465 \n"+
" 7645            5            98 87 6  67877            77876  6 78 89                     8   5467 \n"+
" 7645                        59 8 77   6788              8876   77 8 95                        5467 \n"+
" 564                         798 8 6  46898              89864  6 8 897                         465 \n"+
" 7645                        79 8 76  6889                9886  67 8 97                        5467 \n"+
" 7645                        79 8 76  6889                9886  67 8 97                        5467 \n"+
" 564                   4     798 8 6  46898              89864  6 8 897           9             465 \n"+
" 7645                        59 8 77   6788              8876   77 8 95                        5467 \n"+
" 7645  8                      98 87 6  67877            77876  6 78 89                         5467 \n"+
" 564                          798 7 6  46789            98764  6 7 897                          465 \n"+
" 7645                         59 8 77   679 5          5 976   77 8 95                 5       5467 \n"+
"  5645             6           9  87 6   9   97      79   9   6 78  9                         5465  \n"+
"  764                          798 877  5   98788  88789   5  778 897    5          9          467  \n"+
"  7645                          9 8 7 75   97788999988779   57 7 8 9          9               5467  \n"+
"  564                   7       79 7 79   5 667788887766 5   97 7 97                           465  \n"+
"  7645      6                    97 79   5   4666886664   5   97 79                      6    5467  \n"+
"   7645                           979   97      4664      79   979                           5467   \n"+
"   564                             9   97 76            67 79   9                             465   \n"+
"   7645                             5 97 77 766      667 77 79 5                             5467   \n"+
"   7645                              97 7 877  766667  778 7 79                              5467   \n"+
"    5645              6               97 8 8 777 77 777 8 8 79                              5465    \n"+
"    764                                99 8 8 8 8  8 8 8 8 99                                467    \n"+
"    7645                                799  8 8 88 8 8  997                     9          5467    \n"+
"     564                                  79998 8  8 89997           8                      465     \n"+
"     7645     6                             579999999975             4   8                 5467     \n"+
"      5645                                     577775                                     5465      \n"+
"      764                      9                                                           467      \n"+
"       7645          5                                                            6      5467       \n"+
"        564                           7                                                  465  8     \n"+
"    8   7645                                                 9                          5467        \n"+
"         5645                                                                          5465         \n"+
"9         764                    6                                                     467          \n"+
"          7645                                                                        5467          \n"+
"           5645                              5     8                                 5465        5  \n"+
"            764                                                                      467            \n"+
"     8       56                                            6                         65             \n"+
"                                     9                                     5                        \n"+
"                                                                   8                                \n"+
"9                              6         5                                                         9\n"+
"9                                                                                                  9\n"+
"99                 645                                                        546                 99\n"+
"99             7   5645                      7                               5465   6    7        99\n"+
"99                  76445          7               7                       54467                  99\n"+
"99                   56645                                                54665                   99\n"+
"997              6    776445                              4      9      544677             5     799\n"+
"997                     5664 5                                        5 4665                     799\n"+
"997                      756445           9                          544657          4           799\n"+
"997         4 7            766445 5                              5 544667                        799\n"+
"997                         756644455 5                      5 554446657                         799\n"+
"99                            7566644445 5 5            5 5 5444466657                            99\n"+
"99                              7756666444445 55 55 55 5444446666577        9                     99\n"+
"99                   5   5         775766666444444444444666667577                                 99\n"+
"99    77777       7                    7577566666666666657757  7       6                 77777    99\n"+
"999999999999999                             757757757757                             999999999999999\n"+
"99999999999999999                                66                                99999999999999999";