"99999999999999999999999999999999999999999999999999999999999999999999999999999999\n"+
"99999999999999999999  77    5      9     97  6   5  46  3 8299999999999999999999\n"+
"99999995 55        7      5   5  3   3      9 68 5 7  66  6   5  4   3  29999999\n"+
"99995 57  73  27 9 8 9   8  7      6   5  7   3  2   9  6             4    89999\n"+
"999  7   69 5   57 44  3      9      8                       9  88  77 666 5 999\n"+
"999 8  97 5 6 8                3     49      7  6    3     3   2  99  9  888 999\n"+
"9998 5      5  8 8 8  7                              122     5   5  4   3  28999\n"+
"99 6 65 5999 37  2   9 3              3    2 44  41    44                4 6  99\n"+
"9996 88        55  5        3    4        2    342      4       8  88  7  666 99\n"+
"99 99  9     9 5            4                               4     2  99  9  8899\n"+
"997  9 9     9   6                                          23  5   4  4   3 799\n"+
"9997  69            2             3  2    1       2    2     31             4799\n"+
"999 8               4   22     11                    1 1           8  77  8  699\n"+
"99 49 65 99         2  2      1                         1        3   2  99  9 99\n"+
"99 85   4              6 6 3                        7         2    55  4  3 8 99\n"+
"997  9   6 6               3         7        5               3           7 4 99\n"+
"999     9 98                                                          88 77  699\n"+
"9 47 87                 3                                         1 33  22 97  9\n"+
"9 9 6   8     32            6                                      6  55  4  9 9\n"+
"998  77  6  5   3                                                             99\n"+
"9 5 9  99  9  6                        5          4           3        1 88  559\n"+
"975   4  3     1 6                                                     3   22 79\n"+
"9                  3           4                                          5  4 9\n"+
"959  8  7 4   6                               7                             6  9\n"+
"9 733  2  96       6  3               9             9           2         8 87 9\n"+
"9 6  5   4      4            9                                    1  4     3 529\n"+
"9                 6                                        5      2      6   5 9\n"+
"996  9  8     3                  3         5              3        2          69\n"+
"9  4  3   2              5                                         1    9   9 59\n"+
"977  6  5                                                              4  37 839\n"+
"9                                                     5                  6  6 99\n"+
"9 3  3            2                                                            9\n"+
"97  6  5  1 1                                                           2  9   9\n"+
"96             3 3             5                        9    5            4  739\n"+
"9  9 6    1                                                             7   6  9\n"+
"94      2    3  2         3            99                                 4  4 9\n"+
"9  66                                 5  5        5                        24  9\n"+
"9    4    1                                                              5   4 9\n"+
"954 4 9   1         3               5      5            5                  76 99\n"+
"9   6                              9        9                             4  6 9\n"+
"94  6                              9        9                     4       6 6 69\n"+
"928 46                   5          5      5                5               54 9\n"+
"9             2     9                                          7           8  79\n"+
"95  4  4                              5  5      5        7             1 3    69\n"+
"9 88  7   2   1                        99                                 3   79\n"+
"9   2  4      3                           1                                 6 59\n"+
"9 7              3      11     2                              3           9   69\n"+
"97 6         4                                          5    5              2 89\n"+
"996  8                                                              3      6 369\n"+
"98       4    1        4                                     5           9   859\n"+
"9                                       5         5                            9\n"+
"9 86          2                                               6             3  9\n"+
"9 9  8      1             7                                     5 55    4     59\n"+
"96            1    9                                             5     3 9   8 9\n"+
"9 5      3                     4                                  75  9        9\n"+
"9776  6                             9                             1 5       48 9\n"+
"92   9  8                                  5                       65     7   69\n"+
"9 94      2     4                               5                3    3  2  9  9\n"+
"959         4                                                      35         79\n"+
"9 98  7  6                                           5             3         5 9\n"+
"95  92559          2     2   9           2   3         8           8  9   8  779\n"+
"9 9   4                         1           1      5  5 71           3  2   99 9\n"+
"9  7          32   3 2                               8             6      5 7  9\n"+
"99   8   7  6           2   2       3                  9   1            6  6  99\n"+
"99   7 9   9  8           121   2        3      2   5 6  561          9  97  899\n"+
"9958     4      2              123 1                    5 3         44  3  28 99\n"+
"998                   4 1    2                    3          5       99     9999\n"+
"995  8  8   7  6              3                   3     1 8               86  99\n"+
"99 3   2  99  9  8   7      1         4       1     132       4         9   8999\n"+
"9975 5   5  4                       4         2                 669     9  3 799\n"+
"99 6             4  3      9      7   7  6      4       9  9   9  9     9    999\n"+
"99 69   8  78  7   6  5      3      9      8      1                         6 99\n"+
"99 69 3   2      9   8  7      5      3                       4  34 999 229 9999\n"+
"9998 7  5   4                          4      3      9      7   7  66  5  448999\n"+
"999 8 7      5      3  3      9   8  7      6   5      3   2  9   9  8 9 7 86999\n"+
"99997  99  8   7  6   6  5      3   2  9   9    6 7      5                9  999\n"+
"9999  4   3  2   9  9   8  7      5      9  7         5   6      4  33 92  99999\n"+
"9999999 6      4       6              6   4   3  23  9  9   8  7  56795679999999\n"+
"99999999999999999999   3  2   9  97  8    7 6   6 555  5  7 99999999999999999999\n"+
"99999999999999999999999999999999999999999999999999999999999999999999999999999999";